,mean,sd,hdi_3%,hdi_97%,mcse_mean,mcse_sd,ess_bulk,ess_tail,r_hat
alpha[0],0.14,0.42,-0.6,1.02,0.01,0.01,2071.06,1598.55,1.0
alpha[1],-0.1,0.45,-0.91,0.73,0.01,0.01,2459.07,1483.17,1.0
alpha[2],1.12,0.45,0.36,1.99,0.01,0.01,1230.96,1238.05,1.0
alpha[3],0.61,0.41,-0.18,1.34,0.01,0.01,2203.32,1239.03,1.0
alpha[4],0.57,0.4,-0.19,1.34,0.01,0.01,2055.72,1288.55,1.0
alpha[5],-0.35,0.41,-1.09,0.43,0.01,0.01,2585.76,1324.38,1.0
alpha[6],-0.01,0.4,-0.78,0.7,0.01,0.01,2230.55,1339.31,1.0
alpha[7],-0.12,0.39,-0.85,0.61,0.01,0.01,2605.53,1157.33,1.0
alpha[8],0.0,0.4,-0.75,0.78,0.01,0.01,2810.33,1242.65,1.0
alpha[9],0.34,0.43,-0.54,1.09,0.01,0.01,1950.4,1115.66,1.0
alpha[10],0.3,0.45,-0.53,1.14,0.01,0.01,2264.86,1062.56,1.0
alpha[11],-0.17,0.44,-1.09,0.58,0.01,0.01,2028.2,1156.44,1.01
alpha[12],0.06,0.39,-0.61,0.89,0.01,0.01,2835.82,1311.36,1.0
alpha[13],-0.2,0.42,-0.99,0.56,0.01,0.01,2753.98,1098.21,1.0
alpha[14],-0.25,0.38,-0.98,0.49,0.01,0.01,2038.85,1170.85,1.0
alpha[15],-0.26,0.4,-1.01,0.52,0.01,0.01,2773.52,1305.67,1.0
alpha[16],0.6,0.44,-0.25,1.38,0.01,0.01,1744.91,1251.27,1.0
alpha[17],-0.69,0.44,-1.46,0.18,0.01,0.01,2325.19,1397.3,1.0
alpha[18],-0.3,0.42,-1.12,0.49,0.01,0.01,1910.49,1080.26,1.0
alpha[19],-0.2,0.44,-1.08,0.59,0.01,0.01,2592.02,1354.12,1.0
alpha[20],-0.43,0.43,-1.29,0.35,0.01,0.01,2243.08,1334.39,1.0
alpha[21],0.05,0.41,-0.74,0.82,0.01,0.01,2596.71,1289.88,1.0
alpha[22],-0.21,0.4,-0.89,0.57,0.01,0.01,1904.86,1372.29,1.0
alpha[23],-0.37,0.42,-1.19,0.4,0.01,0.01,2699.12,1337.88,1.0
alpha[24],-0.02,0.41,-0.78,0.75,0.01,0.01,2636.59,1131.05,1.0
alpha[25],-0.08,0.4,-0.8,0.67,0.01,0.01,2385.88,1373.83,1.0
alpha[26],-0.69,0.4,-1.38,0.1,0.01,0.01,2227.33,1482.53,1.01
alpha[27],0.6,0.4,-0.11,1.38,0.01,0.01,1891.32,1406.97,1.0
alpha[28],0.27,0.44,-0.55,1.1,0.01,0.01,2485.13,1214.0,1.0
alpha[29],0.31,0.45,-0.46,1.21,0.01,0.01,2540.98,1380.22,1.0
alpha[30],0.63,0.41,-0.1,1.44,0.01,0.01,2134.34,1286.22,1.0
alpha[31],0.37,0.41,-0.38,1.15,0.01,0.01,1779.25,1284.63,1.0
alpha[32],-0.48,0.43,-1.26,0.31,0.01,0.01,2147.2,1347.46,1.0
alpha[33],0.12,0.42,-0.66,0.89,0.01,0.01,1778.23,1415.03,1.0
alpha[34],-0.28,0.43,-1.06,0.51,0.01,0.01,2226.19,1060.65,1.0
alpha[35],-0.41,0.4,-1.17,0.29,0.01,0.01,2024.75,1507.94,1.0
alpha[36],-0.71,0.43,-1.58,0.03,0.01,0.01,1522.84,1397.91,1.0
alpha[37],0.11,0.42,-0.61,0.92,0.01,0.01,2628.88,1475.35,1.0
alpha[38],-0.34,0.42,-1.12,0.48,0.01,0.01,2040.86,1437.61,1.0
alpha[39],-0.35,0.43,-1.15,0.43,0.01,0.01,2196.19,1292.19,1.0
alpha[40],-0.78,0.44,-1.64,-0.0,0.01,0.01,1852.92,1124.59,1.0
alpha[41],0.27,0.42,-0.47,1.07,0.01,0.01,2686.36,1458.87,1.0
alpha[42],0.01,0.44,-0.79,0.89,0.01,0.01,2115.52,1209.56,1.0
alpha[43],-0.73,0.46,-1.56,0.13,0.01,0.01,1922.12,1168.48,1.0
alpha[44],0.27,0.41,-0.46,1.11,0.01,0.01,2249.39,1500.83,1.0
alpha[45],0.13,0.42,-0.61,0.91,0.01,0.01,3119.69,1374.08,1.0
alpha[46],0.2,0.4,-0.55,0.97,0.01,0.01,2698.2,1279.33,1.0
alpha[47],-0.62,0.44,-1.43,0.23,0.01,0.01,2103.56,1004.3,1.0
alpha[48],-0.38,0.42,-1.18,0.38,0.01,0.01,2077.87,1070.56,1.0
alpha[49],-0.5,0.45,-1.38,0.31,0.01,0.01,1857.81,1393.3,1.0
alpha[50],0.37,0.45,-0.44,1.25,0.01,0.01,2445.83,1181.3,1.0
alpha[51],0.51,0.43,-0.27,1.31,0.01,0.01,1694.75,1356.23,1.0
alpha[52],0.45,0.43,-0.41,1.23,0.01,0.01,2212.43,1391.04,1.0
alpha[53],-0.47,0.45,-1.27,0.36,0.01,0.01,2179.23,1362.34,1.0
alpha[54],0.2,0.38,-0.5,0.91,0.01,0.01,2947.9,1146.12,1.0
alpha[55],0.07,0.39,-0.58,0.88,0.01,0.01,2251.34,1152.49,1.0
alpha[56],-0.37,0.46,-1.31,0.4,0.01,0.01,2071.3,1215.42,1.0
alpha[57],0.57,0.43,-0.33,1.31,0.01,0.01,1981.4,1116.35,1.01
alpha[58],0.25,0.41,-0.52,1.01,0.01,0.01,2087.81,1525.49,1.0
alpha[59],0.11,0.4,-0.66,0.85,0.01,0.01,2914.24,1294.6,1.0
alpha[60],0.44,0.4,-0.34,1.14,0.01,0.01,1967.13,1309.31,1.0
alpha[61],-0.09,0.43,-0.85,0.74,0.01,0.01,2185.8,1172.88,1.0
alpha[62],-0.21,0.4,-0.98,0.51,0.01,0.01,3082.72,1470.72,1.0
alpha[63],0.52,0.43,-0.26,1.33,0.01,0.01,1675.7,1318.43,1.0
alpha[64],0.78,0.46,-0.04,1.66,0.01,0.01,1369.69,769.99,1.01
alpha[65],-0.06,0.39,-0.76,0.71,0.01,0.01,2617.82,1250.33,1.0
alpha[66],0.29,0.4,-0.46,1.03,0.01,0.01,3033.68,1432.23,1.0
alpha[67],-0.02,0.42,-0.85,0.73,0.01,0.01,2659.37,1010.64,1.0
alpha[68],-0.34,0.42,-1.1,0.47,0.01,0.01,2560.76,1419.04,1.0
alpha[69],-0.33,0.43,-1.1,0.47,0.01,0.01,2422.2,1352.1,1.0
alpha[70],0.18,0.4,-0.59,0.95,0.01,0.01,3112.96,1395.22,1.0
alpha[71],0.4,0.45,-0.42,1.26,0.01,0.01,1893.62,1415.46,1.0
alpha[72],-1.12,0.46,-1.97,-0.25,0.01,0.01,1017.29,1404.75,1.0
alpha[73],0.27,0.42,-0.46,1.07,0.01,0.01,2949.43,1327.8,1.0
alpha[74],-0.13,0.44,-0.91,0.71,0.01,0.01,2524.44,1012.91,1.0
alpha[75],0.51,0.43,-0.23,1.33,0.01,0.01,1734.61,1293.35,1.0
alpha[76],-0.06,0.42,-0.86,0.69,0.01,0.01,2533.19,1412.29,1.0
alpha[77],-0.26,0.4,-1.05,0.48,0.01,0.01,2547.14,1379.76,1.0
alpha[78],-0.3,0.45,-1.18,0.49,0.01,0.01,3580.22,1461.72,1.0
alpha[79],-0.38,0.41,-1.23,0.33,0.01,0.01,2259.34,1020.38,1.0
alpha[80],0.25,0.42,-0.49,1.07,0.01,0.01,2292.41,1501.66,1.0
alpha[81],0.62,0.42,-0.15,1.41,0.01,0.01,2358.33,1228.45,1.0
alpha[82],0.02,0.42,-0.74,0.83,0.01,0.01,2723.69,1557.75,1.0
alpha[83],-0.07,0.41,-0.9,0.66,0.01,0.01,2511.06,1264.45,1.0
alpha[84],0.28,0.42,-0.46,1.1,0.01,0.01,3208.9,1355.69,1.0
alpha[85],-0.53,0.4,-1.23,0.25,0.01,0.01,2291.34,1557.55,1.0
alpha[86],-0.48,0.42,-1.24,0.34,0.01,0.01,1796.21,1308.56,1.0
alpha[87],-0.55,0.43,-1.37,0.22,0.01,0.01,2033.73,1358.82,1.0
alpha[88],-0.03,0.41,-0.85,0.7,0.01,0.01,2827.86,1346.25,1.0
alpha[89],0.15,0.41,-0.61,0.91,0.01,0.01,2132.78,1384.66,1.0
alpha[90],0.54,0.41,-0.25,1.27,0.01,0.01,2011.99,1174.17,1.0
alpha[91],0.6,0.42,-0.26,1.35,0.01,0.01,2283.97,1522.88,1.0
alpha[92],-0.01,0.4,-0.77,0.72,0.01,0.01,2642.93,1180.56,1.0
alpha[93],-0.03,0.39,-0.76,0.72,0.01,0.01,3137.67,1367.71,1.0
alpha[94],0.36,0.41,-0.42,1.1,0.01,0.01,2475.99,1206.73,1.0
alpha[95],0.21,0.4,-0.55,0.98,0.01,0.01,2249.93,1285.72,1.0
alpha[96],0.5,0.43,-0.32,1.26,0.01,0.01,2324.7,1336.35,1.01
alpha[97],0.03,0.39,-0.8,0.7,0.01,0.01,2694.97,1419.98,1.0
alpha[98],-0.62,0.43,-1.39,0.21,0.01,0.01,2203.59,1450.7,1.0
alpha[99],-0.26,0.4,-1.05,0.44,0.01,0.01,3060.51,1172.01,1.0
"beta[0,0]",0.81,0.3,0.25,1.35,0.01,0.01,1530.58,1243.24,1.0
"beta[0,1]",-0.29,0.3,-0.85,0.27,0.01,0.01,1647.48,1309.14,1.0
"beta[0,2]",0.65,0.31,0.07,1.21,0.01,0.01,1519.71,1047.3,1.0
"beta[1,0]",-0.75,0.28,-1.28,-0.22,0.01,0.01,1863.69,1172.62,1.0
"beta[1,1]",-0.92,0.3,-1.46,-0.33,0.01,0.0,1986.93,1664.94,1.0
"beta[1,2]",-0.97,0.31,-1.49,-0.37,0.01,0.01,2011.8,1337.56,1.0
"beta[2,0]",0.49,0.23,0.05,0.9,0.0,0.0,2555.42,1064.43,1.0
"beta[2,1]",-0.57,0.26,-1.08,-0.11,0.01,0.0,2550.93,1398.04,1.0
"beta[2,2]",0.34,0.25,-0.14,0.81,0.0,0.0,2828.37,1182.13,1.0
"beta[3,0]",-1.01,0.35,-1.7,-0.38,0.01,0.01,1822.61,1394.83,1.0
"beta[3,1]",-0.98,0.38,-1.67,-0.34,0.01,0.01,1559.95,1184.91,1.0
"beta[3,2]",0.71,0.36,0.05,1.42,0.01,0.01,1566.45,1506.41,1.0
"beta[4,0]",-0.42,0.29,-0.94,0.16,0.01,0.01,1665.01,1347.77,1.0
"beta[4,1]",-1.07,0.34,-1.72,-0.44,0.01,0.01,1284.38,885.93,1.0
"beta[4,2]",-0.15,0.29,-0.71,0.37,0.01,0.01,1666.67,1406.83,1.0
"beta[5,0]",-0.64,0.27,-1.11,-0.1,0.01,0.0,1670.93,952.92,1.0
"beta[5,1]",0.51,0.28,-0.04,1.01,0.01,0.0,2219.99,1294.62,1.0
"beta[5,2]",0.65,0.28,0.14,1.17,0.01,0.0,2159.5,1104.54,1.0
"beta[6,0]",0.74,0.29,0.21,1.26,0.01,0.01,2036.78,1242.69,1.0
"beta[6,1]",0.56,0.29,0.04,1.15,0.01,0.01,1702.12,1205.28,1.0
"beta[6,2]",-0.2,0.3,-0.75,0.39,0.01,0.01,1973.37,1395.27,1.0
"beta[7,0]",0.58,0.28,0.06,1.1,0.01,0.01,1682.98,1148.71,1.0
"beta[7,1]",-0.46,0.31,-1.06,0.11,0.01,0.01,1787.88,1447.66,1.0
"beta[7,2]",0.7,0.3,0.15,1.27,0.01,0.01,2175.17,1574.61,1.0
"beta[8,0]",-1.21,0.32,-1.82,-0.64,0.01,0.01,1095.8,1168.36,1.0
"beta[8,1]",0.76,0.32,0.15,1.36,0.01,0.01,1656.9,1271.54,1.0
"beta[8,2]",0.2,0.31,-0.36,0.79,0.01,0.01,1803.75,1320.89,1.0
"beta[9,0]",-0.51,0.23,-0.94,-0.08,0.0,0.0,2723.29,1540.79,1.0
"beta[9,1]",-0.37,0.25,-0.82,0.07,0.0,0.0,2726.35,1595.75,1.0
"beta[9,2]",-0.43,0.24,-0.92,-0.01,0.01,0.0,2284.22,1218.94,1.0
"beta[10,0]",-0.26,0.23,-0.71,0.16,0.01,0.0,1791.7,1480.02,1.0
"beta[10,1]",-0.02,0.25,-0.5,0.45,0.0,0.01,2701.31,1081.19,1.0
"beta[10,2]",-0.13,0.23,-0.58,0.28,0.0,0.0,2321.06,1481.78,1.0
"beta[11,0]",0.8,0.3,0.25,1.36,0.01,0.01,1875.58,1423.13,1.0
"beta[11,1]",-0.28,0.29,-0.79,0.33,0.01,0.01,1571.19,1164.19,1.0
"beta[11,2]",-0.57,0.29,-1.13,-0.02,0.01,0.01,1842.03,1371.43,1.0
"beta[12,0]",0.66,0.28,0.14,1.16,0.01,0.01,1831.18,1193.51,1.0
"beta[12,1]",0.26,0.27,-0.21,0.77,0.01,0.01,2288.05,1305.39,1.0
"beta[12,2]",0.73,0.27,0.26,1.24,0.01,0.0,2211.4,1673.93,1.0
"beta[13,0]",-0.07,0.25,-0.57,0.38,0.01,0.01,2462.03,1096.2,1.0
"beta[13,1]",0.49,0.28,-0.02,1.0,0.01,0.0,2415.66,1635.4,1.0
"beta[13,2]",0.72,0.26,0.27,1.23,0.01,0.0,2415.03,1395.36,1.0
"beta[14,0]",-0.89,0.29,-1.44,-0.37,0.01,0.01,1739.43,1274.49,1.0
"beta[14,1]",0.19,0.28,-0.32,0.73,0.01,0.01,2206.16,1423.79,1.0
"beta[14,2]",-0.61,0.28,-1.1,-0.08,0.01,0.0,1958.88,1329.75,1.0
"beta[15,0]",0.49,0.29,-0.04,1.01,0.01,0.0,2010.97,1607.86,1.0
"beta[15,1]",-0.71,0.33,-1.34,-0.09,0.01,0.01,1785.25,1368.22,1.0
"beta[15,2]",0.47,0.31,-0.12,1.04,0.01,0.01,1901.27,1463.3,1.01
"beta[16,0]",-0.04,0.26,-0.53,0.42,0.01,0.01,2067.37,1453.8,1.0
"beta[16,1]",-0.8,0.29,-1.33,-0.21,0.01,0.01,1738.23,1174.0,1.0
"beta[16,2]",0.68,0.29,0.16,1.25,0.01,0.0,2255.55,1626.23,1.0
"beta[17,0]",0.55,0.28,0.06,1.11,0.01,0.0,1749.35,1425.87,1.0
"beta[17,1]",0.67,0.31,0.08,1.2,0.01,0.01,1777.38,1360.96,1.0
"beta[17,2]",-0.81,0.3,-1.4,-0.25,0.01,0.01,2010.24,1472.15,1.0
"beta[18,0]",0.08,0.3,-0.52,0.6,0.01,0.01,1531.6,1222.07,1.0
"beta[18,1]",0.89,0.34,0.24,1.5,0.01,0.01,1542.7,1311.21,1.0
"beta[18,2]",-1.01,0.35,-1.73,-0.44,0.01,0.01,1440.28,1188.55,1.0
"beta[19,0]",-0.13,0.25,-0.61,0.31,0.01,0.01,2178.47,1457.73,1.0
"beta[19,1]",-0.25,0.26,-0.71,0.26,0.01,0.0,2147.86,1513.75,1.0
"beta[19,2]",-0.74,0.26,-1.22,-0.25,0.01,0.0,2768.16,1239.4,1.01
sigma_alpha,0.59,0.09,0.43,0.78,0.0,0.0,343.3,418.17,1.01
