,mean,sd,hdi_3%,hdi_97%,mcse_mean,mcse_sd,ess_bulk,ess_tail,r_hat
alpha[0],-0.27,0.36,-0.98,0.33,0.01,0.01,761.78,499.89,1.01
alpha[1],-0.38,0.35,-1.05,0.23,0.01,0.01,817.72,918.09,1.01
alpha[2],-0.17,0.4,-0.95,0.51,0.01,0.01,710.77,715.09,1.01
alpha[3],-0.3,0.35,-0.94,0.33,0.01,0.01,1271.89,1057.45,1.0
alpha[4],-0.15,0.39,-0.87,0.59,0.02,0.01,627.23,958.36,1.02
alpha[5],0.1,0.39,-0.6,0.83,0.02,0.01,406.18,510.19,1.01
alpha[6],-0.17,0.34,-0.83,0.42,0.01,0.01,969.57,815.11,1.0
alpha[7],-0.02,0.4,-0.71,0.73,0.04,0.03,78.77,344.44,1.03
alpha[8],0.11,0.36,-0.52,0.8,0.01,0.01,818.79,699.82,1.01
alpha[9],-0.02,0.36,-0.76,0.6,0.01,0.01,988.98,1069.18,1.0
alpha[10],-0.41,0.34,-1.1,0.18,0.01,0.01,721.55,1153.45,1.0
alpha[11],0.01,0.37,-0.73,0.69,0.01,0.01,656.36,890.79,1.02
alpha[12],0.19,0.33,-0.44,0.78,0.01,0.01,820.62,1001.61,1.0
alpha[13],-0.21,0.33,-0.86,0.38,0.01,0.01,1330.49,1455.91,1.0
alpha[14],0.39,0.39,-0.3,1.18,0.01,0.01,831.16,591.18,1.0
alpha[15],0.03,0.39,-0.77,0.66,0.01,0.01,923.4,856.92,1.01
alpha[16],0.24,0.35,-0.48,0.84,0.01,0.01,991.99,602.95,1.0
alpha[17],-0.27,0.37,-0.99,0.38,0.01,0.01,1112.03,1264.17,1.0
alpha[18],-0.01,0.35,-0.69,0.58,0.01,0.01,973.78,940.48,1.01
alpha[19],-0.11,0.38,-0.91,0.58,0.01,0.01,698.88,846.13,1.01
alpha[20],-0.73,0.36,-1.37,-0.02,0.01,0.01,814.24,881.98,1.0
alpha[21],-0.03,0.36,-0.7,0.67,0.01,0.01,860.86,965.89,1.0
alpha[22],0.49,0.4,-0.27,1.23,0.02,0.01,555.41,578.83,1.0
alpha[23],-0.52,0.42,-1.35,0.27,0.02,0.01,554.15,468.03,1.01
alpha[24],-0.09,0.39,-0.82,0.64,0.02,0.01,406.67,468.2,1.02
alpha[25],0.2,0.33,-0.45,0.77,0.01,0.01,638.84,797.22,1.0
alpha[26],-0.09,0.33,-0.71,0.53,0.01,0.01,1012.6,804.45,1.01
alpha[27],0.09,0.34,-0.54,0.77,0.01,0.01,804.17,527.87,1.01
alpha[28],-0.0,0.38,-0.72,0.66,0.03,0.02,103.11,158.53,1.03
alpha[29],-0.23,0.35,-0.89,0.41,0.02,0.01,434.45,680.91,1.02
alpha[30],0.25,0.38,-0.46,0.97,0.01,0.01,1055.47,1166.23,1.01
alpha[31],0.09,0.34,-0.56,0.7,0.01,0.01,616.13,679.0,1.0
alpha[32],-0.17,0.37,-0.91,0.49,0.02,0.01,542.32,359.0,1.0
alpha[33],0.81,0.43,0.01,1.59,0.02,0.02,311.66,746.7,1.02
alpha[34],-0.27,0.4,-0.97,0.55,0.02,0.02,469.1,330.11,1.02
alpha[35],-0.48,0.34,-1.17,0.11,0.01,0.01,880.07,929.22,1.0
alpha[36],0.59,0.33,-0.07,1.15,0.01,0.01,776.35,910.94,1.0
alpha[37],-0.25,0.39,-0.96,0.49,0.02,0.02,507.45,377.2,1.01
alpha[38],0.32,0.34,-0.28,1.03,0.01,0.01,819.18,925.36,1.01
alpha[39],-0.29,0.35,-0.96,0.35,0.01,0.01,1105.2,1079.62,1.01
alpha[40],0.01,0.34,-0.68,0.6,0.01,0.01,982.58,956.37,1.0
alpha[41],0.72,0.39,0.05,1.49,0.02,0.02,395.28,311.88,1.01
alpha[42],-0.15,0.35,-0.78,0.51,0.02,0.01,483.31,729.89,1.02
alpha[43],-0.34,0.35,-0.99,0.31,0.01,0.01,845.21,896.69,1.0
alpha[44],0.39,0.4,-0.3,1.2,0.02,0.01,557.24,1151.83,1.01
alpha[45],-0.09,0.38,-0.82,0.62,0.02,0.01,579.77,941.24,1.02
alpha[46],0.55,0.38,-0.15,1.25,0.02,0.01,590.16,887.08,1.01
alpha[47],0.02,0.36,-0.71,0.66,0.02,0.01,534.19,756.57,1.02
alpha[48],-0.16,0.39,-0.93,0.57,0.02,0.01,579.84,337.24,1.01
alpha[49],-0.57,0.39,-1.26,0.19,0.01,0.01,797.47,955.35,1.0
alpha[50],-0.59,0.4,-1.34,0.15,0.02,0.02,496.61,314.86,1.01
alpha[51],0.22,0.33,-0.34,0.86,0.01,0.01,948.18,1125.51,1.0
alpha[52],-0.68,0.36,-1.34,0.02,0.01,0.01,863.25,1316.49,1.0
alpha[53],0.21,0.32,-0.36,0.8,0.01,0.01,1068.57,993.76,1.0
alpha[54],0.09,0.35,-0.59,0.75,0.01,0.01,711.96,1042.38,1.02
alpha[55],0.32,0.33,-0.29,0.93,0.01,0.01,701.35,565.06,1.01
alpha[56],0.03,0.37,-0.63,0.8,0.02,0.01,652.67,444.07,1.01
alpha[57],0.22,0.39,-0.52,0.98,0.02,0.01,676.33,435.86,1.0
alpha[58],-0.11,0.35,-0.79,0.51,0.01,0.01,1242.44,929.33,1.0
alpha[59],-0.24,0.33,-0.84,0.41,0.01,0.01,936.44,845.07,1.0
alpha[60],-0.29,0.38,-0.98,0.41,0.02,0.01,352.3,700.49,1.01
alpha[61],-0.4,0.37,-1.09,0.25,0.03,0.02,213.03,929.88,1.02
alpha[62],0.18,0.33,-0.41,0.82,0.01,0.01,739.56,450.05,1.0
alpha[63],0.02,0.33,-0.61,0.61,0.01,0.01,834.86,852.46,1.0
alpha[64],0.03,0.34,-0.59,0.66,0.01,0.01,1159.28,727.33,1.0
alpha[65],0.29,0.4,-0.45,1.03,0.02,0.01,498.53,900.77,1.02
alpha[66],-0.22,0.32,-0.86,0.35,0.01,0.01,987.0,618.55,1.0
alpha[67],-0.36,0.33,-0.97,0.22,0.01,0.01,634.06,573.84,1.0
alpha[68],0.09,0.36,-0.55,0.8,0.01,0.01,826.76,768.73,1.01
alpha[69],-0.64,0.35,-1.34,-0.02,0.01,0.01,985.87,1047.0,1.0
alpha[70],-0.06,0.37,-0.78,0.59,0.01,0.01,960.66,1059.54,1.0
alpha[71],-0.15,0.33,-0.76,0.44,0.01,0.01,813.26,487.59,1.0
alpha[72],0.16,0.31,-0.34,0.83,0.01,0.01,1362.5,1035.23,1.01
alpha[73],0.33,0.36,-0.43,0.94,0.01,0.01,623.71,898.97,1.01
alpha[74],0.4,0.32,-0.16,1.03,0.01,0.01,731.48,918.6,1.0
alpha[75],0.13,0.33,-0.49,0.76,0.01,0.01,800.12,883.29,1.0
alpha[76],-0.22,0.31,-0.82,0.32,0.01,0.01,1054.49,1310.57,1.0
alpha[77],0.0,0.39,-0.74,0.7,0.02,0.01,494.48,394.89,1.01
alpha[78],0.02,0.37,-0.71,0.67,0.01,0.01,804.32,598.56,1.01
alpha[79],-0.41,0.41,-1.16,0.34,0.01,0.01,1027.98,1049.3,1.0
alpha[80],0.51,0.4,-0.27,1.23,0.01,0.01,923.86,1128.73,1.0
alpha[81],-0.05,0.32,-0.66,0.55,0.01,0.01,1296.11,1137.74,1.0
alpha[82],-0.42,0.35,-1.09,0.22,0.01,0.01,799.13,980.1,1.0
alpha[83],-0.08,0.33,-0.71,0.55,0.01,0.01,1058.64,1013.6,1.01
alpha[84],0.21,0.37,-0.46,0.95,0.01,0.01,837.95,597.06,1.01
alpha[85],0.21,0.37,-0.49,0.93,0.01,0.01,673.86,699.61,1.0
alpha[86],0.37,0.37,-0.29,1.08,0.01,0.01,692.54,1157.06,1.0
alpha[87],0.62,0.34,-0.04,1.21,0.01,0.01,633.44,565.77,1.01
alpha[88],0.09,0.37,-0.54,0.87,0.02,0.01,341.43,331.29,1.01
alpha[89],0.28,0.37,-0.45,0.92,0.01,0.01,748.14,514.69,1.01
alpha[90],-0.15,0.35,-0.76,0.58,0.02,0.01,534.35,398.68,1.01
alpha[91],-0.09,0.38,-0.75,0.7,0.01,0.01,669.11,481.01,1.01
alpha[92],-0.11,0.35,-0.75,0.56,0.02,0.01,460.9,503.22,1.01
alpha[93],0.19,0.36,-0.52,0.81,0.01,0.01,1153.66,1081.47,1.0
alpha[94],0.29,0.41,-0.54,1.02,0.01,0.01,781.82,750.58,1.0
alpha[95],0.49,0.36,-0.24,1.1,0.01,0.01,799.13,1047.86,1.0
alpha[96],-0.44,0.41,-1.19,0.32,0.02,0.02,421.09,510.71,1.02
alpha[97],0.06,0.36,-0.59,0.74,0.01,0.01,1028.03,999.99,1.0
alpha[98],0.11,0.4,-0.61,0.89,0.01,0.01,815.09,782.45,1.0
alpha[99],0.08,0.36,-0.56,0.77,0.01,0.01,968.32,535.4,1.0
"beta[0, 0]",0.34,0.25,-0.12,0.8,0.01,0.01,924.25,867.02,1.01
"beta[0, 1]",0.15,0.25,-0.32,0.59,0.01,0.01,551.28,744.94,1.01
"beta[0, 2]",1.39,0.34,0.82,2.06,0.12,0.09,8.37,240.56,1.17
"beta[1, 0]",0.55,0.36,-0.08,1.23,0.02,0.01,343.1,752.56,1.0
"beta[1, 1]",0.53,0.35,-0.12,1.19,0.02,0.01,327.74,652.07,1.0
"beta[1, 2]",0.63,0.38,-0.06,1.35,0.04,0.03,108.66,285.89,1.02
"beta[2, 0]",0.12,0.41,-0.67,0.91,0.03,0.02,205.65,418.57,1.01
"beta[2, 1]",-0.75,0.42,-1.6,0.04,0.03,0.02,276.63,209.52,1.01
"beta[2, 2]",-0.77,0.39,-1.46,-0.05,0.02,0.01,456.55,878.44,1.0
"beta[3, 0]",0.51,0.34,-0.15,1.1,0.02,0.01,379.59,826.24,1.01
"beta[3, 1]",0.29,0.36,-0.42,0.93,0.02,0.02,268.35,193.15,1.01
"beta[3, 2]",0.49,0.34,-0.19,1.07,0.02,0.01,386.5,463.72,1.0
"beta[4, 0]",0.02,0.35,-0.67,0.69,0.02,0.01,471.79,647.18,1.0
"beta[4, 1]",-0.12,0.35,-0.77,0.55,0.02,0.01,347.17,903.63,1.0
"beta[4, 2]",-0.21,0.37,-0.9,0.47,0.02,0.01,590.06,836.84,1.0
"beta[5, 0]",-0.86,0.28,-1.37,-0.33,0.01,0.01,786.76,1069.07,1.01
"beta[5, 1]",-1.06,0.3,-1.7,-0.57,0.01,0.01,757.17,856.76,1.0
"beta[5, 2]",0.78,0.29,0.25,1.33,0.01,0.01,596.49,467.7,1.01
"beta[6, 0]",-0.55,0.32,-1.18,0.01,0.01,0.01,501.69,993.77,1.01
"beta[6, 1]",0.67,0.32,0.08,1.26,0.01,0.01,831.84,1090.29,1.0
"beta[6, 2]",-0.32,0.34,-1.04,0.27,0.02,0.01,350.55,255.42,1.01
"beta[7, 0]",-0.34,0.37,-1.04,0.3,0.02,0.01,376.95,805.95,1.01
"beta[7, 1]",-0.18,0.35,-0.83,0.47,0.02,0.01,384.7,895.33,1.01
"beta[7, 2]",-0.2,0.35,-0.82,0.49,0.02,0.01,534.06,641.07,1.01
"beta[8, 0]",0.23,0.22,-0.19,0.63,0.01,0.01,886.29,1188.68,1.0
"beta[8, 1]",-0.23,0.2,-0.6,0.14,0.01,0.01,930.4,939.06,1.0
"beta[8, 2]",-0.67,0.24,-1.12,-0.26,0.01,0.01,728.22,663.23,1.01
"beta[9, 0]",-0.45,0.34,-1.02,0.2,0.02,0.02,237.56,336.44,1.02
"beta[9, 1]",0.25,0.32,-0.34,0.84,0.01,0.01,571.06,668.85,1.0
"beta[9, 2]",0.7,0.34,0.03,1.29,0.01,0.01,639.17,966.76,1.0
"beta[10, 0]",0.23,0.36,-0.45,0.87,0.02,0.01,520.5,897.23,1.01
"beta[10, 1]",0.86,0.38,0.17,1.55,0.01,0.01,699.14,1037.3,1.0
"beta[10, 2]",-0.17,0.37,-0.93,0.48,0.02,0.01,471.21,855.93,1.01
"beta[11, 0]",-0.19,0.31,-0.8,0.37,0.01,0.01,538.36,825.76,1.0
"beta[11, 1]",0.69,0.31,0.14,1.29,0.01,0.01,503.74,615.6,1.01
"beta[11, 2]",0.27,0.31,-0.27,0.87,0.02,0.01,406.49,932.71,1.0
"beta[12, 0]",-0.11,0.23,-0.55,0.33,0.01,0.01,1104.12,1038.8,1.0
"beta[12, 1]",0.15,0.21,-0.22,0.57,0.01,0.0,1054.66,960.35,1.0
"beta[12, 2]",-0.04,0.23,-0.46,0.38,0.01,0.01,945.25,931.1,1.0
"beta[13, 0]",0.84,0.39,0.15,1.61,0.02,0.02,313.47,608.88,1.01
"beta[13, 1]",0.01,0.36,-0.7,0.62,0.02,0.01,451.05,733.2,1.0
"beta[13, 2]",0.12,0.33,-0.49,0.73,0.01,0.01,516.71,836.12,1.01
"beta[14, 0]",-0.0,0.3,-0.56,0.54,0.01,0.01,525.72,860.18,1.0
"beta[14, 1]",0.08,0.29,-0.47,0.6,0.01,0.01,387.39,552.99,1.0
"beta[14, 2]",-0.48,0.29,-1.03,0.05,0.01,0.01,593.99,772.67,1.0
"beta[15, 0]",-0.57,0.26,-1.03,-0.08,0.01,0.01,730.66,850.74,1.0
"beta[15, 1]",-0.21,0.23,-0.62,0.23,0.01,0.01,690.53,752.61,1.0
"beta[15, 2]",-0.92,0.27,-1.43,-0.43,0.01,0.01,778.01,513.83,1.0
"beta[16, 0]",-0.54,0.33,-1.16,0.04,0.01,0.01,630.49,866.35,1.0
"beta[16, 1]",0.66,0.32,0.08,1.25,0.02,0.01,293.14,829.06,1.01
"beta[16, 2]",0.52,0.34,-0.07,1.2,0.01,0.01,534.08,889.2,1.0
"beta[17, 0]",0.39,0.3,-0.13,0.97,0.01,0.01,554.12,644.02,1.0
"beta[17, 1]",-0.17,0.29,-0.77,0.35,0.01,0.01,501.6,674.35,1.0
"beta[17, 2]",0.28,0.32,-0.33,0.86,0.01,0.01,523.99,944.34,1.0
"beta[18, 0]",-0.64,0.27,-1.1,-0.12,0.01,0.01,705.41,823.54,1.0
"beta[18, 1]",0.11,0.25,-0.34,0.58,0.01,0.01,421.87,458.73,1.0
"beta[18, 2]",-0.52,0.28,-1.05,-0.02,0.01,0.01,705.03,772.35,1.0
"beta[19, 0]",0.13,0.44,-0.66,1.03,0.03,0.02,279.66,522.93,1.01
"beta[19, 1]",0.43,0.43,-0.36,1.24,0.02,0.02,367.91,843.62,1.01
"beta[19, 2]",-0.25,0.44,-0.98,0.66,0.02,0.01,527.69,840.98,1.01
"beta[20, 0]",-0.6,0.27,-1.1,-0.07,0.01,0.01,467.49,496.91,1.0
"beta[20, 1]",-0.29,0.24,-0.74,0.15,0.01,0.01,500.83,1030.87,1.02
"beta[20, 2]",0.24,0.27,-0.26,0.75,0.01,0.01,577.04,609.61,1.0
"beta[21, 0]",-0.89,0.38,-1.58,-0.17,0.02,0.02,280.33,459.18,1.01
"beta[21, 1]",-0.11,0.34,-0.7,0.54,0.02,0.01,295.34,610.98,1.01
"beta[21, 2]",0.46,0.33,-0.17,1.06,0.01,0.01,606.4,952.15,1.0
"beta[22, 0]",-0.83,0.43,-1.65,0.01,0.02,0.02,407.84,410.98,1.0
"beta[22, 1]",0.41,0.43,-0.36,1.22,0.04,0.03,112.79,747.62,1.03
"beta[22, 2]",-0.65,0.43,-1.47,0.12,0.02,0.01,546.98,918.28,1.0
"beta[23, 0]",0.57,0.29,0.02,1.07,0.01,0.01,436.67,579.65,1.0
"beta[23, 1]",-0.67,0.27,-1.17,-0.19,0.01,0.01,466.16,728.63,1.0
"beta[23, 2]",-0.43,0.28,-0.91,0.15,0.01,0.01,648.15,910.64,1.0
"beta[24, 0]",-0.71,0.29,-1.23,-0.14,0.01,0.01,496.5,1024.92,1.01
"beta[24, 1]",-0.32,0.28,-0.83,0.26,0.01,0.01,508.12,869.89,1.0
"beta[24, 2]",0.22,0.29,-0.32,0.77,0.01,0.01,550.51,666.37,1.0
"beta[25, 0]",-0.46,0.27,-0.97,0.04,0.01,0.01,883.76,1159.36,1.0
"beta[25, 1]",0.92,0.26,0.39,1.4,0.01,0.01,666.24,893.5,1.0
"beta[25, 2]",0.04,0.27,-0.45,0.57,0.01,0.01,373.69,465.89,1.0
"beta[26, 0]",0.62,0.38,-0.12,1.28,0.02,0.02,322.57,646.99,1.01
"beta[26, 1]",0.69,0.4,-0.07,1.44,0.03,0.02,249.23,434.46,1.03
"beta[26, 2]",-0.71,0.4,-1.4,0.08,0.02,0.02,305.11,187.0,1.02
"beta[27, 0]",-0.7,0.35,-1.34,-0.03,0.02,0.01,413.91,873.28,1.0
"beta[27, 1]",0.21,0.34,-0.42,0.82,0.03,0.02,215.24,131.45,1.01
"beta[27, 2]",0.12,0.32,-0.47,0.73,0.01,0.01,503.76,455.09,1.0
"beta[28, 0]",1.21,0.36,0.52,1.84,0.02,0.01,395.94,527.23,1.01
"beta[28, 1]",1.48,0.44,0.76,2.32,0.03,0.02,312.03,260.29,1.01
"beta[28, 2]",0.34,0.35,-0.31,1.0,0.02,0.01,472.81,463.21,1.0
"beta[29, 0]",-0.89,0.39,-1.67,-0.21,0.03,0.02,261.14,888.19,1.02
"beta[29, 1]",1.0,0.37,0.35,1.68,0.01,0.01,768.81,1230.11,1.0
"beta[29, 2]",1.11,0.41,0.39,1.91,0.02,0.01,530.8,545.22,1.0
sigma_alpha,0.47,0.08,0.32,0.62,0.01,0.0,208.28,334.33,1.02
