,mean,sd,hdi_3%,hdi_97%,mcse_mean,mcse_sd,ess_bulk,ess_tail,r_hat
alpha[0],-0.12,0.4,-0.84,0.61,0.01,0.01,939.34,1270.3,1.0
alpha[1],-0.46,0.35,-1.09,0.21,0.01,0.01,1624.19,1294.31,1.0
alpha[2],-0.18,0.38,-0.9,0.48,0.01,0.01,1594.79,1304.95,1.0
alpha[3],-0.55,0.37,-1.36,0.03,0.01,0.01,1366.55,1335.73,1.0
alpha[4],0.64,0.38,-0.04,1.34,0.01,0.01,1949.29,1227.38,1.0
alpha[5],-0.53,0.41,-1.33,0.2,0.01,0.01,1407.12,840.79,1.0
alpha[6],0.04,0.37,-0.68,0.76,0.01,0.01,1427.8,1521.0,1.0
alpha[7],0.02,0.36,-0.65,0.68,0.01,0.01,2108.06,1365.09,1.0
alpha[8],0.33,0.39,-0.42,1.02,0.01,0.01,1380.59,1334.76,1.0
alpha[9],-0.4,0.36,-1.1,0.23,0.01,0.01,1872.51,1558.12,1.0
alpha[10],0.28,0.38,-0.46,0.96,0.01,0.01,1275.03,1211.41,1.0
alpha[11],-0.03,0.38,-0.75,0.65,0.01,0.01,1807.24,1422.05,1.0
alpha[12],-0.15,0.35,-0.82,0.51,0.01,0.01,1645.44,1504.78,1.0
alpha[13],-0.03,0.38,-0.73,0.68,0.01,0.01,1588.75,1446.91,1.0
alpha[14],-0.08,0.39,-0.78,0.69,0.01,0.01,1533.6,1122.23,1.0
alpha[15],0.67,0.4,-0.15,1.36,0.01,0.01,1503.45,1539.14,1.0
alpha[16],-0.64,0.37,-1.3,0.05,0.01,0.01,1240.79,1251.59,1.0
alpha[17],-0.4,0.4,-1.25,0.26,0.01,0.01,1356.47,1076.99,1.0
alpha[18],0.44,0.35,-0.2,1.12,0.01,0.01,1816.84,1191.8,1.0
alpha[19],-0.0,0.39,-0.71,0.75,0.01,0.01,1757.08,1150.98,1.0
alpha[20],0.16,0.38,-0.54,0.83,0.01,0.01,1280.43,1177.01,1.0
alpha[21],-0.21,0.34,-0.85,0.4,0.01,0.01,1791.75,1416.44,1.0
alpha[22],0.62,0.38,-0.1,1.3,0.01,0.01,1277.75,1299.1,1.0
alpha[23],0.02,0.36,-0.6,0.76,0.01,0.01,1437.49,1246.82,1.0
alpha[24],-0.36,0.36,-1.07,0.28,0.01,0.01,1758.18,1249.56,1.0
alpha[25],-0.33,0.37,-1.02,0.33,0.01,0.01,2100.59,1181.77,1.0
alpha[26],-0.7,0.37,-1.41,-0.02,0.01,0.01,1238.45,1211.35,1.0
alpha[27],-0.28,0.4,-0.97,0.52,0.01,0.01,1325.49,1417.78,1.0
alpha[28],0.28,0.35,-0.36,0.96,0.01,0.01,2107.66,1300.64,1.0
alpha[29],-0.74,0.37,-1.37,-0.01,0.01,0.01,1387.39,1212.89,1.0
alpha[30],0.52,0.38,-0.16,1.28,0.01,0.01,1276.12,1180.14,1.0
alpha[31],0.37,0.36,-0.29,1.07,0.01,0.01,1752.98,1363.82,1.0
alpha[32],-0.44,0.38,-1.1,0.3,0.01,0.01,1718.86,1285.19,1.0
alpha[33],0.26,0.41,-0.48,1.03,0.01,0.01,1557.56,1293.22,1.0
alpha[34],0.07,0.38,-0.59,0.81,0.01,0.01,1571.92,1461.22,1.0
alpha[35],1.15,0.43,0.3,1.92,0.01,0.01,1213.29,1319.5,1.0
alpha[36],0.75,0.39,0.05,1.49,0.01,0.01,1334.33,1448.69,1.0
alpha[37],-0.29,0.36,-0.99,0.35,0.01,0.01,1420.41,1180.13,1.0
alpha[38],0.03,0.39,-0.74,0.72,0.01,0.01,1954.16,1337.49,1.0
alpha[39],0.22,0.35,-0.39,0.9,0.01,0.01,1721.42,1549.14,1.0
alpha[40],0.66,0.38,-0.04,1.37,0.01,0.01,1308.35,1362.59,1.0
alpha[41],-0.11,0.35,-0.74,0.6,0.01,0.01,1332.69,1229.17,1.0
alpha[42],-0.39,0.35,-1.01,0.29,0.01,0.01,1400.31,1374.96,1.0
alpha[43],0.16,0.37,-0.5,0.86,0.01,0.01,1513.37,1455.05,1.0
alpha[44],-0.17,0.4,-0.96,0.55,0.01,0.01,1482.31,1140.36,1.0
alpha[45],0.75,0.39,0.09,1.51,0.01,0.01,1328.65,1220.86,1.0
alpha[46],-0.08,0.39,-0.82,0.67,0.01,0.01,1731.19,1285.3,1.0
alpha[47],-0.73,0.37,-1.39,-0.0,0.01,0.01,1621.68,1429.66,1.0
alpha[48],0.18,0.37,-0.54,0.81,0.01,0.01,1917.68,1293.18,1.0
alpha[49],-0.55,0.38,-1.23,0.19,0.01,0.01,1634.07,1339.53,1.0
alpha[50],0.11,0.37,-0.56,0.84,0.01,0.01,1477.66,1221.53,1.0
alpha[51],0.34,0.39,-0.35,1.06,0.01,0.01,1480.22,1305.04,1.0
alpha[52],-0.08,0.38,-0.79,0.62,0.01,0.01,1584.19,1194.24,1.0
alpha[53],-0.68,0.38,-1.4,0.06,0.01,0.01,1562.25,1176.11,1.01
alpha[54],0.62,0.38,-0.07,1.34,0.01,0.01,1603.66,1366.7,1.0
alpha[55],-0.06,0.35,-0.72,0.58,0.01,0.01,1525.97,1254.77,1.0
alpha[56],0.11,0.36,-0.56,0.82,0.01,0.01,1754.15,1556.85,1.0
alpha[57],-0.43,0.41,-1.27,0.26,0.01,0.01,1281.49,1052.15,1.0
alpha[58],-0.62,0.37,-1.29,0.09,0.01,0.01,1225.44,1056.56,1.0
alpha[59],0.05,0.36,-0.68,0.71,0.01,0.01,2032.54,1316.98,1.0
alpha[60],0.0,0.35,-0.65,0.68,0.01,0.01,1964.14,1352.87,1.0
alpha[61],-0.99,0.37,-1.69,-0.3,0.01,0.01,1128.56,1185.74,1.0
alpha[62],-0.66,0.41,-1.4,0.1,0.01,0.01,1418.64,1504.6,1.0
alpha[63],0.35,0.34,-0.28,0.99,0.01,0.01,1758.12,1682.68,1.0
alpha[64],0.25,0.38,-0.46,0.96,0.01,0.01,1381.53,1373.97,1.0
alpha[65],0.44,0.37,-0.2,1.19,0.01,0.01,1849.36,1368.56,1.0
alpha[66],0.7,0.41,-0.08,1.45,0.01,0.01,1361.17,1099.94,1.0
alpha[67],0.34,0.35,-0.37,0.95,0.01,0.01,1502.52,1400.56,1.0
alpha[68],0.21,0.4,-0.58,0.9,0.01,0.01,1272.58,1182.39,1.0
alpha[69],-0.71,0.36,-1.37,-0.03,0.01,0.01,1431.8,1043.49,1.0
alpha[70],0.44,0.39,-0.23,1.23,0.01,0.01,1452.92,1482.95,1.0
alpha[71],-0.4,0.35,-1.12,0.22,0.01,0.01,1377.63,1266.09,1.0
alpha[72],-0.52,0.39,-1.25,0.19,0.01,0.01,1716.36,1159.95,1.0
alpha[73],0.48,0.39,-0.27,1.16,0.01,0.01,1459.89,1657.36,1.0
alpha[74],0.87,0.39,0.12,1.56,0.01,0.01,2013.26,1314.1,1.0
alpha[75],0.52,0.37,-0.17,1.22,0.01,0.01,1239.12,1301.43,1.0
alpha[76],-0.07,0.37,-0.74,0.62,0.01,0.01,1736.26,1429.73,1.0
alpha[77],0.46,0.41,-0.27,1.28,0.01,0.01,1605.94,1456.07,1.0
alpha[78],0.28,0.41,-0.52,1.01,0.01,0.01,1317.5,1349.36,1.0
alpha[79],-0.02,0.37,-0.73,0.63,0.01,0.01,1829.02,1207.36,1.0
alpha[80],0.07,0.39,-0.73,0.78,0.01,0.01,1640.99,1473.9,1.0
alpha[81],0.62,0.4,-0.12,1.33,0.01,0.01,1779.66,1375.76,1.0
alpha[82],-0.44,0.39,-1.23,0.26,0.01,0.01,1155.01,1304.17,1.0
alpha[83],-0.86,0.37,-1.52,-0.14,0.01,0.01,1379.46,1375.11,1.0
alpha[84],-0.3,0.37,-1.01,0.39,0.01,0.01,1808.65,1423.16,1.0
alpha[85],-0.24,0.4,-1.02,0.44,0.01,0.01,1337.71,1265.11,1.0
alpha[86],-0.57,0.37,-1.25,0.13,0.01,0.01,1409.49,1197.07,1.0
alpha[87],-0.33,0.37,-0.99,0.37,0.01,0.01,2054.44,1566.34,1.0
alpha[88],0.3,0.39,-0.41,1.06,0.01,0.01,1478.44,1497.18,1.0
alpha[89],0.47,0.38,-0.22,1.2,0.01,0.01,1418.23,1247.17,1.0
alpha[90],0.31,0.37,-0.42,1.02,0.01,0.01,1891.91,1438.3,1.0
alpha[91],0.68,0.41,-0.16,1.38,0.01,0.01,1319.02,1247.73,1.0
alpha[92],-0.22,0.37,-0.92,0.47,0.01,0.01,2011.58,1364.0,1.0
alpha[93],0.01,0.37,-0.7,0.68,0.01,0.01,1218.0,1316.27,1.0
alpha[94],0.23,0.4,-0.52,0.98,0.01,0.01,1823.52,1525.7,1.0
alpha[95],-0.13,0.37,-0.81,0.55,0.01,0.01,1338.91,1024.98,1.0
alpha[96],0.69,0.36,0.0,1.36,0.01,0.01,1190.7,1021.43,1.0
alpha[97],0.21,0.38,-0.52,0.9,0.01,0.01,1702.78,1507.41,1.0
alpha[98],-0.05,0.36,-0.76,0.57,0.01,0.01,1659.0,1519.43,1.0
alpha[99],0.66,0.4,-0.03,1.47,0.01,0.01,1427.81,1352.84,1.0
"beta[0, 0]",0.69,0.27,0.24,1.26,0.01,0.01,992.58,1062.55,1.0
"beta[0, 1]",-1.32,0.29,-1.89,-0.78,0.01,0.01,1153.76,1217.19,1.0
"beta[0, 2]",-0.69,0.26,-1.2,-0.23,0.01,0.01,1265.96,1460.56,1.0
"beta[1, 0]",-0.15,0.23,-0.56,0.33,0.01,0.0,1468.4,1368.9,1.0
"beta[1, 1]",0.36,0.22,-0.03,0.79,0.01,0.0,1819.38,1105.58,1.0
"beta[1, 2]",-0.67,0.24,-1.14,-0.24,0.01,0.0,1723.82,1512.47,1.0
"beta[2, 0]",-0.87,0.29,-1.41,-0.37,0.01,0.01,720.6,1031.94,1.0
"beta[2, 1]",-0.27,0.24,-0.72,0.18,0.01,0.01,1161.45,1380.63,1.0
"beta[2, 2]",-0.6,0.28,-1.18,-0.11,0.01,0.01,1382.3,1215.76,1.0
"beta[3, 0]",-0.26,0.34,-0.9,0.39,0.01,0.01,918.15,1181.19,1.0
"beta[3, 1]",-0.42,0.33,-1.06,0.21,0.01,0.01,904.91,1091.96,1.0
"beta[3, 2]",-0.24,0.34,-0.86,0.38,0.01,0.01,915.95,1148.49,1.0
"beta[4, 0]",0.27,0.27,-0.22,0.79,0.01,0.01,1188.14,1184.06,1.0
"beta[4, 1]",-0.59,0.25,-1.03,-0.08,0.01,0.01,988.03,1039.91,1.0
"beta[4, 2]",-0.38,0.26,-0.82,0.15,0.01,0.01,1206.43,1204.39,1.0
"beta[5, 0]",0.33,0.25,-0.13,0.81,0.01,0.01,1117.97,1087.9,1.0
"beta[5, 1]",-0.79,0.25,-1.26,-0.33,0.01,0.0,1457.06,1287.98,1.0
"beta[5, 2]",-0.82,0.27,-1.34,-0.32,0.01,0.01,1571.85,1454.05,1.0
"beta[6, 0]",-0.26,0.24,-0.75,0.16,0.01,0.0,1338.78,1532.39,1.0
"beta[6, 1]",0.41,0.23,0.01,0.86,0.01,0.0,1643.63,1151.96,1.0
"beta[6, 2]",0.06,0.25,-0.44,0.5,0.01,0.01,1120.91,1349.68,1.0
"beta[7, 0]",0.18,0.3,-0.37,0.73,0.01,0.01,1163.33,1215.15,1.0
"beta[7, 1]",0.3,0.27,-0.23,0.79,0.01,0.01,1268.63,1117.57,1.0
"beta[7, 2]",-1.48,0.34,-2.09,-0.83,0.01,0.01,1266.35,1338.07,1.0
"beta[8, 0]",0.38,0.22,-0.02,0.82,0.01,0.0,1633.44,1387.67,1.0
"beta[8, 1]",-0.36,0.21,-0.78,-0.0,0.01,0.0,1319.18,1307.55,1.0
"beta[8, 2]",-0.3,0.23,-0.7,0.15,0.01,0.0,1582.1,1432.61,1.0
"beta[9, 0]",-0.73,0.27,-1.21,-0.2,0.01,0.01,977.13,1053.71,1.0
"beta[9, 1]",0.64,0.25,0.13,1.09,0.01,0.01,1004.54,989.75,1.0
"beta[9, 2]",0.44,0.26,-0.05,0.93,0.01,0.01,1184.67,1294.49,1.0
"beta[10, 0]",0.8,0.26,0.31,1.29,0.01,0.0,1502.15,1560.25,1.0
"beta[10, 1]",-0.58,0.25,-1.05,-0.12,0.01,0.0,1398.38,1361.22,1.0
"beta[10, 2]",-0.04,0.25,-0.53,0.4,0.01,0.01,1031.65,1048.09,1.0
"beta[11, 0]",-0.39,0.26,-0.89,0.1,0.01,0.01,1159.23,1029.1,1.0
"beta[11, 1]",0.5,0.24,0.07,0.98,0.01,0.01,953.11,984.31,1.01
"beta[11, 2]",-0.54,0.28,-1.07,-0.01,0.01,0.01,1119.44,1358.41,1.0
"beta[12, 0]",0.86,0.27,0.38,1.4,0.01,0.01,1136.92,1439.78,1.0
"beta[12, 1]",-0.06,0.23,-0.5,0.38,0.01,0.0,1107.53,1436.35,1.0
"beta[12, 2]",-1.39,0.33,-1.96,-0.77,0.01,0.01,1540.6,1572.49,1.0
"beta[13, 0]",-1.04,0.32,-1.67,-0.47,0.01,0.01,1007.46,1185.33,1.0
"beta[13, 1]",-0.69,0.3,-1.24,-0.11,0.01,0.01,1015.7,799.27,1.0
"beta[13, 2]",0.55,0.3,-0.03,1.1,0.01,0.01,806.06,1246.44,1.0
"beta[14, 0]",0.61,0.25,0.17,1.09,0.01,0.01,1182.34,1172.24,1.0
"beta[14, 1]",0.24,0.22,-0.14,0.67,0.01,0.0,1218.62,1426.25,1.0
"beta[14, 2]",0.03,0.24,-0.42,0.49,0.01,0.01,903.54,1252.02,1.0
"beta[15, 0]",-0.5,0.29,-1.01,0.07,0.01,0.01,1166.18,1149.24,1.0
"beta[15, 1]",-0.07,0.25,-0.51,0.42,0.01,0.01,1087.41,1187.67,1.01
"beta[15, 2]",-1.1,0.33,-1.7,-0.5,0.01,0.01,1463.84,1387.2,1.0
"beta[16, 0]",0.62,0.28,0.13,1.18,0.01,0.01,1244.0,915.2,1.0
"beta[16, 1]",0.49,0.24,0.02,0.93,0.01,0.01,1288.47,1089.45,1.0
"beta[16, 2]",-0.84,0.3,-1.43,-0.32,0.01,0.01,1187.05,1236.43,1.0
"beta[17, 0]",0.48,0.24,-0.0,0.89,0.01,0.0,1506.89,1498.78,1.0
"beta[17, 1]",0.32,0.22,-0.09,0.73,0.01,0.0,1066.09,1136.15,1.0
"beta[17, 2]",0.57,0.24,0.13,1.01,0.01,0.0,1353.93,1332.31,1.0
"beta[18, 0]",0.99,0.26,0.53,1.51,0.01,0.0,1655.19,1414.51,1.0
"beta[18, 1]",0.95,0.27,0.46,1.43,0.01,0.01,1411.92,1212.89,1.0
"beta[18, 2]",0.25,0.23,-0.15,0.71,0.01,0.0,1601.43,1342.87,1.0
"beta[19, 0]",-0.15,0.27,-0.65,0.4,0.01,0.01,1083.18,1204.8,1.0
"beta[19, 1]",-1.28,0.3,-1.85,-0.72,0.01,0.01,1362.85,1378.25,1.0
"beta[19, 2]",-0.65,0.28,-1.14,-0.08,0.01,0.01,1282.8,1298.91,1.0
"beta[20, 0]",-0.5,0.25,-0.99,-0.05,0.01,0.0,1575.53,1457.09,1.0
"beta[20, 1]",-0.85,0.25,-1.35,-0.41,0.01,0.0,1856.45,1503.22,1.0
"beta[20, 2]",-0.26,0.23,-0.69,0.17,0.01,0.0,1651.34,1466.48,1.0
"beta[21, 0]",0.63,0.24,0.19,1.1,0.01,0.0,1958.64,1388.76,1.0
"beta[21, 1]",0.62,0.22,0.24,1.06,0.0,0.0,1882.07,1364.0,1.0
"beta[21, 2]",0.43,0.24,-0.05,0.86,0.01,0.0,2309.76,1461.64,1.0
"beta[22, 0]",0.19,0.24,-0.3,0.62,0.01,0.0,1510.68,1373.06,1.0
"beta[22, 1]",0.1,0.21,-0.3,0.5,0.01,0.01,1439.54,1120.24,1.0
"beta[22, 2]",-0.53,0.24,-0.98,-0.07,0.01,0.0,1689.29,1593.32,1.0
"beta[23, 0]",0.89,0.28,0.35,1.39,0.01,0.01,1517.14,1314.1,1.0
"beta[23, 1]",-0.74,0.25,-1.19,-0.28,0.01,0.0,1728.51,1522.17,1.0
"beta[23, 2]",-0.92,0.27,-1.43,-0.41,0.01,0.0,1692.22,1356.64,1.0
"beta[24, 0]",-1.01,0.28,-1.51,-0.47,0.01,0.01,1432.35,1166.08,1.0
"beta[24, 1]",-0.06,0.24,-0.5,0.4,0.01,0.01,963.43,1038.98,1.0
"beta[24, 2]",0.39,0.26,-0.11,0.85,0.01,0.01,1069.48,810.54,1.0
"beta[25, 0]",0.54,0.25,0.1,1.01,0.01,0.01,1127.02,1244.15,1.0
"beta[25, 1]",-0.08,0.23,-0.48,0.37,0.01,0.0,1351.18,1317.17,1.0
"beta[25, 2]",0.99,0.26,0.5,1.49,0.01,0.01,1365.76,1551.72,1.0
"beta[26, 0]",0.67,0.26,0.18,1.15,0.01,0.0,1390.49,1441.2,1.0
"beta[26, 1]",-0.26,0.23,-0.69,0.16,0.01,0.0,1287.54,1361.16,1.0
"beta[26, 2]",-0.64,0.28,-1.13,-0.08,0.01,0.01,1548.53,1368.54,1.0
"beta[27, 0]",1.16,0.31,0.61,1.73,0.01,0.01,1330.25,1193.98,1.0
"beta[27, 1]",1.04,0.28,0.55,1.6,0.01,0.01,1540.07,1247.69,1.0
"beta[27, 2]",-0.59,0.29,-1.11,-0.03,0.01,0.01,1435.8,1486.07,1.0
"beta[28, 0]",0.09,0.25,-0.4,0.53,0.01,0.01,1014.38,1177.79,1.0
"beta[28, 1]",-0.11,0.23,-0.51,0.34,0.01,0.0,1257.67,1159.28,1.0
"beta[28, 2]",0.71,0.27,0.23,1.22,0.01,0.01,1049.07,1041.45,1.0
"beta[29, 0]",1.18,0.33,0.59,1.79,0.01,0.01,845.39,890.78,1.0
"beta[29, 1]",-0.44,0.28,-1.0,0.07,0.01,0.01,1287.11,1325.01,1.0
"beta[29, 2]",-0.78,0.31,-1.41,-0.21,0.01,0.01,973.55,1133.96,1.0
sigma_alpha,0.59,0.08,0.45,0.73,0.0,0.0,376.44,343.09,1.01
